1613,
90643,
89179,
155,
242538,
18063,
720,
91,
17726,
798,
6250,
36341,
21900,
113537,
3031,
255,
12138,
107722,
169291,
12065,
3678,
65166,
20350,
25017,
17737,
3828,
58201,
174308,
39862,
3275,
52103,
33199,
46980,
40469,
47649,
3801,
162,
99265,
13758,
20621,
22848,
194722,
215187,
28889,
4779,
75382,
43346,
493,
18468,
250371,
234,
3480,
74699,
17436,
19596,
59861,
107423,
91908,
36263,
37063,
1613,
90643,
89179,
155,
242538,
18063,
720,
91,
17726,
36341,
798,
6250,
113537,
21900,
3031,
255,
12138,
107722,
169291,
12065,
3678,
65166,
20350,
25017,
3828,
174308,
58201,
39862,
52103,
33199,
3275,
40469,
99265,
47649,
194520,
13758,
162,
3801,
20621,
22848,
194722,
28889,
4779,
75382,
43346,
493,
18468,
74699,
3480,
17436,
234,
3154,
250371,
36263,
89430,
91908,
59861,
19596,
19409,
543,
1613,
90643,
89179,
155,
242538,
18063,
720,
91,
17726,
36341,
798,
6250,
113537,
21900,
3031,
255,
12138,
107722,
169291,
12065,
3678,
65166,
20350,
25017,
3828,
174308,
58201,
39862,
52103,
33199,
3275,
40469,
99265,
47649,
194520,
13758,
162,
3801,
20621,
22848,
194722,
28889,
4779,
215187,
75382,
43346,
493,
18468,
74699,
3480,
17436,
234,
3154,
250371,
36263,
89430,
91908,
59861,
19596,
19409,
1613,
90643,
89179,
155,
242538,
18063,
720,
91,
17726,
113537,
798,
6250,
36341,
21900,
3031,
255,
12138,
107722,
169291,
12065,
3678,
65166,
20350,
25017,
3828,
174308,
58201,
39862,
52103,
33199,
3275,
40469,
99265,
47649,
194520,
13758,
162,
3801,
20621,
22848,
194722,
28889,
4779,
75382,
43346,
493,
18468,
74699,
3480,
17436,
234,
3154,
250371,
36263,
89430,
91908,
59861,
19596,
19409,
543,
1613,
90643,
89179,
155,
242538,
18063,
720,
91,
17726,
36341,
798,
6250,
113537,
21900,
3031,
255,
12138,
107722,
169291,
12065,
3678,
65166,
20350,
25017,
3828,
58201,
174308,
39862,
52103,
3275,
47649,
40469,
33199,
13758,
99265,
3801,
194520,
162,
20621,
22848,
4779,
28889,
75382,
43346,
493,
194722,
18468,
3480,
250371,
99344,
117428,
17436,
92184,
74699,
102551,
37063,
19409,
3749,
19596,
59060,
147940,
4447,
204433,
86475,
41505,
4205,
36745,
49914,
35432,
91490,
99165,
204512,
19591,
105330,
93782,
205623,
5911,
111031,
93690,
91908,
207903,
36263,
14839,
227149,
171793,
138712,
176524,
59861,
185960,
5046,
76088,
210628,
243210,
86082,
49524,
543,
107119,
3154,
67924,
85717,
76112,
162172,
157390,
33551,
234,
17019,
17713,
354,
123717,
228506,
136444,
68622,
131266,
5570,
105008,
185556,
35082,
1219,
43150,
211,
218018,
371,
44771,
193104,
511,
18969,
170356,
30940,
337,
6606,
151974,
1613,
90643,
89179,
155,
242538,
18063,
720,
91,
17726,
113537,
798,
6250,
36341,
21900,
3031,
255,
12138,
107722,
169291,
12065,
3678,
65166,
20350,
25017,
3828,
58201,
174308,
39862,
52103,
3275,
47649,
40469,
33199,
13758,
99265,
3801,
194520,
162,
20621,
22848,
4779,
28889,
75382,
43346,
493,
194722,
18468,
3480,
250371,
99344,
117428,
19409,
17436,
59861,
74699,
543,
111649,
17019,
18077,
151974,
1613,
90643,
89179,
155,
242538,
18063,
720,
91,
17726,
113537,
798,
6250,
36341,
21900,
3031,
255,
12138,
107722,
169291,
12065,
3678,
65166,
20350,
25017,
3828,
58201,
174308,
39862,
52103,
3275,
47649,
40469,
33199,
13758,
99265,
3801,
194520,
162,
20621,
22848,
4779,
28889,
75382,
43346,
493,
194722,
18468,
3480,
250371,
99344,
117428,
19409,
17436,
59861,
74699,
543,
111649,
17019,
18077,
59060,
147940,
4447,
204433,
41505,
4205,
49914,
36745,
91490,
35432,
204512,
99165,
105330,
19591,
93782,
205623,
5911,
111031,
91908,
227149,
93690,
14839,
207903,
36263,
138712,
185960,
92184,
210628,
37063,
176524,
171793,
76088,
5046,
3749,
86082,
67924,
1497,
1668,
49524,
107119,
3154,
76112,
85717,
157390,
33551,
234,
136444,
123717,
354,
228506,
68622,
131266,
5570,
105008,
185556,
35082,
211,
218018,
1219,
44771,
43150,
18969,
193104,
511,
955,
86616,
53459,
337,
1473,
30454,
33209,
127127,
29738,
18049,
43797,
141380,
99104,
65357,
32509,
49483,
5879,
134724,
87800,
62612,
48406,
62481,
117681,
222217,
124923,
148325,
177474,
127366,
235115,
14699,
39854,
45464,
231660,
91067,
137028,
79821,
201740,
152919,
64080,
3674,
243210,
14593,
147438,
680,
25232,
33590,
78420,
25152,
152824,
7751,
1820,
239284,
143696,
75270,
8432,
168599,
202847,
227436,
203054,
227745,
144060,
30323,
50977,
3534,
5658,
114281,
30954,
6606,
119063,
162440,
3929,
5396,
161799,
6768,
361,
170356,
191516,
327,
3438,
704,
2189,
75208,
182203,
28985,
148947,
235114,
116840,
45755,
83048,
138243,
6640,
252985,
28494,
217670,
39188,
84044,
210246,
30940,
32521,
199761,
119675,
262,
11978,
14614,
249067,
96626,
5873,
88196,
145969,
3550,
1482,
213873,
243100,
76238,
89404,
4494,
27436,
115720,
5913,
49864,
38126,
33287,
32402,
225476,
194407,
153616,
215619,
147302,
66569,
85869,
2071,
1380,
3570,
43695,
76639,
62102,
78445,
169891,
174709,
190871,
89859,
45132,
32106,
90958,
52745,
489,
238725,
94476,
826,
109524,
1673,
132786,
28512,
178024,
18775,
875,
45821,
17104,
134380,
18747,
243894,
183311,
365,
97661,
186505,
179887,
124351,
40885,
212381,
36428,
127644,
76614,
38615,
176055,
74832,
33732,
190232,
159203,
95649,
23709,
50150,
182973,
190094,
166508,
3690,
60574,
75075,
9740,
29153,
203794,
53690,
47072,
139891,
1956,
242297,
183852,
91707,
3271,
3731,
101923,
115178,
149888,
64847,
30732,
249801,
81428,
166294,
244794,
51015,
31471,
215260,
3228,
108529,
6848,
8074,
48220,
154224,
146731,
207741,
43971,
44501,
29054,
41127,
56916,
91186,
159968,
3475,
244497,
212305,
206084,
199672,
167514,
199579,
71600,
177526,
25087,
60658,
32902,
58546,
20317,
101920,
67351,
165771,
1182,
82785,
107274,
5414,
142663,
4453,
57333,
199034,
244458,
16848,
123492,
11098,
134233,
155686,
7276,
6363,
167785,
213881,
1622,
5460,
193277,
7076,
165228,
235722,
1925,
102551,
89535,
62615,
60958,
48691,
58050,
151974,
1613,
90643,
89179,
155,
242538,
18063,
720,
17726,
36341,
21900,
113537,
6250,
798,
3031,
255,
12138,
107722,
169291,
65166,
12065,
3678,
20350,
25017,
174308,
3828,
58201,
39862,
33199,
40469,
3801,
3275,
162,
13758,
194520,
99265,
20621,
22848,
4779,
28889,
215187,
75382,
43346,
493,
194722,
18468,
17436,
3480,
3154,
74699,
19596,
59861,
250371,
19409,
117428,
17019,
99344,
89430,
92184,
28985,
151974,
1613,
90643,
89179,
155,
242538,
18063,
720,
17726,
36341,
21900,
113537,
6250,
798,
3031,
255,
12138,
107722,
169291,
65166,
12065,
3678,
20350,
25017,
174308,
3828,
58201,
39862,
33199,
40469,
3801,
3275,
162,
13758,
194520,
99265,
20621,
22848,
4779,
28889,
215187,
75382,
43346,
493,
194722,
18468,
17436,
3480,
3154,
74699,
19596,
59861,
250371,
19409,
117428,
17019,
99344,
89430,
92184,
28985,
1613,
90643,
89179,
155,
242538,
18063,
720,
17726,
36341,
6250,
798,
113537,
21900,
3031,
255,
12138,
107722,
169291,
65166,
12065,
3678,
20350,
25017,
174308,
3828,
58201,
39862,
33199,
40469,
3801,
3275,
162,
13758,
194520,
99265,
20621,
22848,
4779,
28889,
215187,
75382,
43346,
493,
194722,
18468,
17436,
3480,
3154,
74699,
19596,
59861,
250371,
19409,
117428,
17019,
99344,
89430,
92184,
28985,
151974,
151974,
1613,
90643,
89179,
155,
242538,
18063,
720,
17726,
36341,
21900,
113537,
6250,
798,
3031,
255,
12138,
107722,
169291,
65166,
12065,
3678,
20350,
25017,
174308,
3828,
58201,
39862,
33199,
40469,
99265,
194520,
162,
3801,
13758,
20621,
22848,
28889,
4779,
215187,
75382,
43346,
493,
194722,
18468,
17436,
74699,
17019,
117428,
3480,
250371,
3154,
37063,
59861,
92184,
89430,
78110,
19409,
111649,
28985,
1613,
90643,
89179,
155,
242538,
18063,
720,
17726,
36341,
6250,
798,
113537,
21900,
3031,
255,
107722,
12138,
169291,
12065,
3678,
65166,
20350,
25017,
3828,
58201,
174308,
39862,
3275,
33199,
40469,
99265,
194520,
162,
3801,
13758,
20621,
22848,
28889,
4779,
215187,
75382,
43346,
493,
194722,
18468,
17436,
74699,
17019,
117428,
3480,
250371,
3154,
37063,
59861,
92184,
89430,
78110,
19409,
111649,
28985,
